Reais: 500.00
Bitcoin: 0.000000
Ethereum: 0.000000
Ripple: 0.000000
